((("delete-current-line" .
   [0 0 0 0 0 0 0 0 0 2 0 1 0 0 0 0 0 0 0])
  ("local-set-key" .
   [0 0 0 1 0 0 0 0 0 0 0 0 0])
  ("csharp-mode" .
   [1 0 0 0 0 1 0 0 0 0 1])
  ("latex-help" .
   [0 0 0 0 0 1 0 0 0 0])
  ("auctex" .
   [0 0 0 0 0 1])
  ("kbd" .
   [8 0 0])
  ("LaTeX-mode-map" .
   [0 0 1 1 0 0 0 0 0 0 0 0 0 0])
  ("define-key" .
   [0 0 0 0 2 0 2 0 0 0])
  ("progn" .
   [1 0 0 1 0])
  ("LaTeX" .
   [1 0 0 0 0])
  ("LaTeX-mode-hook" .
   [0 0 0 1 0 0 0 0 0 0 0 0 0 0 0])
  ("eval-after-load" .
   [0 0 0 0 2 0 0 0 0 0 0 0 0 0 0])
  ("load-path" .
   [0 0 0 1 0 0 0 0 0])
  ("add-to-list" .
   [0 0 0 0 0 0 1 0 0 0 0])
  ("import" .
   [0 0 0 0 2 0])
  ("abort" .
   [0 1 0 0 0])
  ("a" .
   [2])
  ("devnull" .
   [0 0 0 0 0 0 3])
  ("path" .
   [0 0 3 0])
  ("os" .
   [0 3])
  ("company" .
   [1 0 0 0 0 0 0])
  ("main" .
   [0 0 0 2])
  ("float" .
   [0 1 0 0 0])
  ("endl" .
   [1 0 0 0])
  ("std" .
   [2 0 0])
  ("while" .
   [0 0 3 2 2])
  ("for" .
   [0 0 3])
  ("add-hook" .
   [0 0 0 0 1 0 0 2])
  ("c++-mode-hook" .
   [0 0 0 0 0 0 0 0 0 0 1 0 0])
  ("company-mode" .
   [1 0 0 0 0 0 0 0 0 0 0 1])
  ("C-M-up" .
   [0 0 0 1 0 0])
  ("c-mode-hook" .
   [0 0 0 0 0 0 0 0 1 0 0])
  ("the" .
   [2 0 0])
  ("only" .
   [1 0 0 0])
  ("that" .
   [1 0 0 0])
  ("json" .
   [0 0 2 0])
  ("obj" .
   [1 1 0])
  ("encoder" .
   [0 0 0 0 0 0 1])
  ("in" .
   [2 0])
  ("calcInRoll" .
   [0 0 0 0 0 1 0 0 0 0])
  ("inRollValue" .
   [0 0 0 0 1 0 0 0 0 0 0])
  ("inRoll" .
   [0 0 0 0 1 0])
  ("multiple" .
   [0 0 0 0 1 0 0 0])
  ("printf" .
   [1 0 0 0 0 0])
  ("np" .
   [4 0])
  ("x.csv'" .
   [0 0 0 0 0 1])
  ("genfromtext" .
   [0 0 1 0 0 0 0 0 0 0 0])
  ("y.csv'" .
   [0 1 0 0 0 0])
  ("require" .
   [0 0 0 1 3 1 0])
  ("elpy" .
   [1 0 0 0])
  ("ein-mumamo" .
   [0 0 0 0 1 0 0 0 0 0])
  ("jedi" .
   [0 0 0 1])
  ("code-malloc1" .
   [0 0 0 0 0 0 1 1 0 0 0 1])
  ("compile" .
   [0 0 0 2 0 0 1])
  ("expr" .
   [4 0 4 0])
  ("env" .
   [2 0 1])
  ("box" .
   [1 0 0])
  ("unboxE" .
   [0 0 0 1 0 0])
  ("box?E" .
   [1 0 0 0 0])
  ("begin" .
   [5 0 0 1 0])
  ("...." .
   [3 0 0 0])
  ("set!" .
   [10 0 0 1])
  ("k-reg" .
   [2 0 4 0 2])
  ("malloc" .
   [0 0 0 0 0 1])
  ("code-ref" .
   [1 0 0 0 0 0 1 1])
  ("Exp" .
   [0 0 1])
  ("expr-reg" .
   [0 0 0 0 1 2 0 0])
  ("interp" .
   [2 0 0 0 0 0])
  ("v-reg" .
   [5 0 2 0 0])
  ("malloc1" .
   [2 0 0 0 0 0 1])
  ("ref" .
   [5 0 0])
  ("continue" .
   [0 0 0 0 0 1 0 2])
  ("if0" .
   [0 0 1])
  ("eq?" .
   [1 0 0])
  ("delete" .
   [2 0 0 0 1 2])
  ("global-set-key" .
   [0 0 0 4 0 0 0 0 0 0 0 0 0 1])
  ("backward-delete-word" .
   [0 0 0 0 2 0 0 0 0 0 0 0 0 0 0 0 0 0 0 0])
  ("delete-word" .
   [0 0 0 0 0 0 0 0 0 1 1])
  ("arg" .
   [1 0 0])))
